ID,Channel,Content Length,Content
558773057498644530,off-topic,5,lenny
