ID,Content Length,Content
558865483697225749,7,Used to
558865517012844582,13,Don’t anymore
