ID,Content Length,Content
559021451882266659,42,i dont like an hour and a half queue times
